34
59
87
29
22
87
62
62
80
64
67
82
21
94
58
100
91
60
91
68
99
80
99
53
80
83
92
68
55
2
27
78
82
94
52
2
62
90
1
80
54
87
41
11
73
22
66
16
38
52
86
35
95
8
58
87
8
0
51
87
46
25
70
33
26
60
84
6
71
23
75
95
48
71
63
26
59
99
50
35
50
83
41
13
41
50
18
39
45
69
38
54
81
40
18
2
75
6
55
46
90
47
41
66
58
69
84
74
81
47
84
21
7
14
60
59
27
63
75
62
56
75
76
87
0
49
51
33
67
60
22
30
39
21
43
72
85
22
90
59
24
58
33
60
0
71
6
65
12
63
36
60
25
6
38
46
58
55
7
2
79
96
22
99
52
11
43
78
96
81
53
50
30
96
99
65
92
78
44
46
83
96
72
57
33
92
15
81
14
8
17
91
40
53
34
68
95
37
23
74
69
95
52
94
66
12
97
77
68
52
57
4
43
41
60
87
9
72
88
17
47
50
69
87
64
7
21
84
75
74
59
49
64
24
45
49
21
32
97
99
4
36
18
83
46
76
67
71
35
68
88
68
84
66
55
26
71
91
33
92
33
69
22
29
23
34
58
36
23
46
55
15
80
82
37
80
91
42
36
3
3
31
13
85
34
34
17
95
13
99
13
51
93
17
85
78
98
72
26
89
54
38
11
76
5
4
42
16
75
10
76
72
21
3
19
68
44
37
96
67
39
49
18
87
61
79
71
96
9
27
84
35
70
12
65
78
36
6
91
25
35
62
23
52
54
17
84
56
38
61
32
39
53
9
33
64
58
92
69
4
3
6
12
75
33
74
87
75
1
72
38
44
39
97
3
75
76
89
1
36
76
73
36
90
39
34
95
97
90
68
89
94
3
17
50
30
8
9
47
43
63
15
87
68
71
7
40
50
58
11
11
14
34
73
29
21
25
62
57
4
51
75
2
74
73
14
28
8
67
24
56
30
22
36
66
97
77
69
91
40
100
21
34
33
71
80
40
40
65
47
30
49
21
75
91
93
6
80
29
71
16
3
46
61
18
54
17
40
35
25
33
71
87
57
60
95
84
26
27
79
10
44
24
16
37
94
37
58
65
50
44
27
34
60
68
58
9
18
83
49
26
19
12
0
76
30
39
86
8
96
62
15
70
81
54
61
91
73
4
24
81
47
35
85
4
28
37
94
63
74
22
28
8
87
11
81
16
100
26
68
28
11
36
90
57
34
50
15
79
64
80
3
16
50
67
97
56
67
74
52
92
93
67
87
3
68
97
55
90
68
18
87
93
22
59
45
4
29
45
91
86
97
89
41
78
11
80
73
3
46
59
75
36
66
56
49
50
34
70
56
18
60
10
26
60
65
2
39
0
84
23
2
57
16
71
80
21
75
84
15
73
69
17
9
91
97
97
58
42
68
41
84
79
56
93
55
23
61
90
74
33
10
5
27
75
71
60
59
72
62
15
77
6
93
50
90
53
38
4
98
47
69
10
58
12
3
34
59
90
6
28
90
5
28
56
65
51
30
56
98
47
96
0
22
84
58
100
95
50
49
47
22
91
71
87
54
20
85
28
88
21
35
31
97
99
1
1
80
89
99
97
14
89
62
65
42
21
76
89
51
20
97
99
72
30
12
15
19
74
65
11
3
68
20
27
73
40
10
3
91
81
81
20
13
76
59
4
17
58
14
86
34
48
54
36
20
78
84
17
5
22
9
85
97
34
89
13
24
8
56
85
80
91
52
39
76
37
25
23
18
79
79
75
79
71
54
97
10
79
91
11
3
0
8
46
7
48
10
17
47
72
99
35
50
27
74
62
45
52
29
38
44
67
16
8
20
99
34
19
21
53
19
29
24
0
71
26
56
36
27
52
100
53
58
6
92
84
86
35
45
38
50
100
74
70
100
35
78
8
74
33
14
13
6
3
58
18
73
87
93
74
23
35
44
52
64
81
63
50
85
24
4
88
11
23
46
64
71
27
53
82
87
46
35
18
100
46
46
2
10
30
0
31
17
11
70
25
22
87
57
88
100
8
97
55
59
87
61
100
1
62
0
50
11
13
15
41
12
37
63
79
59
10
80
62
12
79
21
80
33
37
67
2
59
17
32
44
85
71
10
76
7
8
35
94
22
71
0
12
83
24
81
46
59
21
22
39
100
11
17
35
56
40
9
5
41
9
29
29
98
95
58
100
8
32
96
94
50
84
31
60
88
72
89
95
59
48
52
82
77
93
87
95
71
20
13
54
59
35
26
12
93
27
67
98
46
50
48
63
95
93
40
83
2
1
56
90
38
60
18
39
0
31
85
66
3
33
77
41
55
18
25
65
63
77
69
53
55
97
30
30
54
12
83
90
86
60
65
96
46
5
91
59
61
27
34
33
63
57
0
21
84
36
40
62
39
92
24
86
18
38
100
88
34
79
62
24
39
9
17
36
65
72
14
15
94
100
93
58
88
7
92
3
62
69
52
37
78
10
25
98
83
36
29
93
89
92
47
47
70
65
82
49
69
23
99
27
21
77
53
74
8
41
38
94
24
100
48
65
58
74
21
80
86
61
69
49
7
49
64
78
43
23
21
39
98
6
80
34
33
23
1
80
44
48
98
49
75
49
10
33
63
3
59
15
60
64
73
77
62
10
82
5
73
85
5
65
68
62
95
58
37
27
98
22
19
75
31
85
65
62
90
20
17
26
91
22
50
56
21
87
1
7
42
53
74
23
32
86
13
23
98
68
71
48
79
83
42
60
41
6
77
84
74
74
92
69
61
80
40
59
12
19
4
76
22
39
1
52
53
52
79
33
65
41
16
24
3
50
30
25
68
30
73
59
21
76
25
92
94
59
76
54
53
37
3
4
97
62
87
74
88
61
80
66
0
57
52
95
91
17
12
69
80
11
30
45
34
82
62
40
50
47
38
81
68
22
95
18
58
